x <- 23:40
x
